33.0092000002041
66.0833000000566
100.023300000466
132.997400000691
166.13020000048
199.994100000709
232.994100000709
32.9953000005335
33.0874999994412
32.9947999995202
32.9947999995202
66.0674999998882
66.0674999998882
33.9396999999881
67.020599999465
99.9897999996319
133.93200000003
167.007999999449
200.034599999897
233.924399999902
267.001899999566
299.98389999941
333.958699999377
367.00289999973
400.000999999233
433.936099999584
467.007499999367
500.002099999227
533.931299999356
567.013599999249
599.987199999392
633.922099999152
666.997800000012
699.986199999228
733.945099999197
767.00829999987
800.023099999875
833.935899999924
867.018499999307
899.996899999678
933.928199999966
967.008499999531
999.996399999596
1033.92669999972
1067.00419999938
1099.99619999994
1133.93259999994
33.0126999998465
66.9211999997497
99.9953999994323
132.986099999398
166.924999999814
200.004300000146
232.997899999842
266.919400000013
300.0083999997
332.998099999502
366.922699999996
400
432.987900000066
466.929099999368
500.021999999881
533.001899999566
566.918899999931
600.009200000204
632.99759999942
666.927299999632
699.998200000264
732.997899999842
766.928899999708
800.008899999782
832.997899999842
866.932400000282
900.043999999762
932.984299999662
966.916299999692
1000.01329999976
1032.99629999977
1066.92480000015
1100.00409999955
1132.99759999942
1166.93069999944
1199.99689999968
1233.00189999957
1266.91809999943
1299.99689999968
1332.99679999985
1366.92860000022
1400.0139999995
1432.99299999978
1466.93369999994
1500.01740000024
1532.98989999946
1566.92760000005
1600.00820000004
1632.98659999948
1666.92860000022
1799.99539999943
1832.99550000019
1866.92860000022
1900.00820000004
1933.00270000007
1966.95089999959
1999.99949999992
2032.98659999948
2066.92349999957
2100.00659999996
2132.98790000007
2166.93090000004
2199.99839999992
2232.99349999987
2266.91959999967
2300.0178999994
2333.00779999979
2366.92779999971
2400.01150000002
2433.00169999991
2466.93649999984
2500.01349999942
2532.99759999942
2566.92959999945
2600.02740000002
2632.9980999995
2666.9319000002
2700.00349999964
32.9659000001848
66.9128000000492
99.9992000004277
133.000400000252
166.911700000055
200.01640000008
232.980700000189
266.914599999785
299.982800000347
332.967199999839
366.902800000273
399.992800000124
433.006300000474
466.911700000055
499.991299999878
532.969200000167
566.901500000618
599.981300000101
632.982300000265
666.914599999785
699.99739999976
732.969000000507
766.922500000335
799.992100000381
832.982300000265
866.918600000441
899.992300000042
932.969500000589
966.923500000499
999.993800000288
1032.96870000008
1066.91530000046
1100.00130000059
1132.97560000047
1166.91530000046
1199.99260000046
1232.97049999982
1266.91250000056
1299.99100000039
1332.97149999999
1366.9076000005
1399.98029999994
1432.96970000025
1466.91480000038
1499.99640000053
1532.98350000009
1566.90610000025
1600.00410000049
1633.01170000061
1666.92200000025
1700.00490000006
1732.97049999982
1766.91610000003
1799.98180000018
1832.98510000017
1866.90529999975
1899.98440000042
1932.98249999993
1966.90070000011
1999.99230000004
2032.97020000033
2066.91150000039
2099.98340000026
2132.96920000017
2166.91250000056
2199.98080000002
2266.8956000004
2299.97869999986
2332.96690000035
2366.89589999989
33.9454000005499
67.0187999997288
100.007000000216
133.941500000656
167.015000000596
32.9807000001892
66.916900000535
99.982100000605
132.981200000271
166.902499999851
199.984900000505
232.982300000265
266.912999999709
299.998200000264
332.985299999826
366.898199999705
399.981000000611
432.984799999744
466.912500000559
499.997700000182
532.991500000469
566.897700000554
599.996700000018
632.969999999739
666.928100000136
699.99970000051
732.969500000589
766.916600000113
799.99970000051
832.972000000067
866.902300000191
900.01099999994
932.980500000529
966.910199999809
999.99179999996
1032.98639999982
1066.91220000014
1099.99280000012
1132.98249999993
1166.92040000018
1199.98460000008
1232.96950000059
1266.91170000006
1299.99210000038
1332.97049999982
1366.90330000035
1399.98180000018
1432.98120000027
1466.90020000003
1499.97800000012
1532.98510000017
1566.9143000003
1599.99210000038
1632.97070000041
1666.90249999985
1699.99540000036
1766.91280000005
1799.99210000038
1832.96920000017
1866.91349999979
1899.98100000061
1933.00810000021
1966.91200000048
1999.99380000029
2032.98230000027
2066.91019999981
2099.99280000012
2132.98790000007
2166.91119999997
2199.98180000018
2232.98070000019
2266.91220000014
2299.99640000053
2332.98249999993
2366.91200000048
2399.99920000043
2432.9709999999
2466.91119999997
2499.99150000047
2532.98579999991
2566.91480000038
2599.9972000001
2632.98180000018
2666.89940000046
2699.98440000042
2732.98149999976
2766.91119999997
2799.99789999984
2832.98050000053
2866.91690000054
2899.97979999986
2932.97300000023
2966.91119999997
2999.99230000004
3032.98100000061
3066.89690000005
3099.99920000043
3132.99629999977
3166.90579999983
3199.98210000061
3232.99069999997
3266.91170000006
3300.00020000059
3332.99330000021
3366.91920000035
3400.0036000004
3432.98870000057
3466.92219999991
3500.00150000025
3532.98280000035
3566.90100000054
3599.97750000004
3632.98050000053
3666.89690000005
3699.98919999972
3732.96559999976
3766.89819999971
3799.99540000036
3832.99069999997
3866.91920000035
3900.0008000005
33.9300000006333
32.9649000000209
67.0049000000581
100.014400000684
32.9146999996156
66.9802999999374
99.9715999998152
132.908300000243
166.98649999965
199.995099999942
232.910600000061
267.00260000024
299.987900000066
332.906999999657
367.029000000097
399.988199999556
432.903900000267
466.975499999709
499.986899999902
532.911100000143
566.994900000282
599.9972000001
699.98379999958
732.904699999839
766.989799999632
799.974600000307
832.905199999921
866.997999999672
899.984400000423
932.893400000408
966.984400000423
999.978699999861
1032.89719999954
1067
1099.9720999999
1132.90649999958
1199.98029999994
1232.89030000009
1266.98080000002
1299.97589999996
1332.90240000002
1366.97369999997
1399.97800000012
1432.8964999998
1467.0036000004
1499.98280000035
1532.90539999958
1566.98649999965
1599.9748999998
1632.90490000043
1666.97319999989
1699.98639999982
1732.90259999968
1766.98699999973
1799.97510000039
1832.89389999956
1866.99129999988
1899.97389999963
1932.90670000017
1966.9729000004
2000
2032.8936999999
2066.97800000012
2099.97539999988
2132.90770000033
2166.97159999982
2199.97719999962
2232.90490000043
2266.97599999979
2299.97510000039
2332.90539999958
2366.9907999998
2399.97410000023
2432.89080000017
2466.98469999991
2499.97329999972
2532.8898
2566.99619999994
2599.97510000039
2632.90519999992
2666.9796000002
2699.97360000014
2732.90440000035
2766.99000000022
2799.97389999963
2832.89340000041
2866.98209999967
2899.97950000037
2932.89389999956
2966.97140000016
2999.97310000006
3066.98440000042
3099.97180000041
3132.9001000002
3167.00160000008
3199.99739999976
3232.9188000001
3266.98080000002
3299.99380000029
3332.91179999989
3366.9729000004
3399.99739999976
3432.90519999992
3466.98649999965
3499.99540000036
3532.9057
3566.9935999997
3599.99409999978
3632.90539999958
3666.98599999957
34.0696999998763
33.0101000005379
67.1045000003651
99.9992000004277
133.010400000028
34.0815000003204
66.9750000005588
99.9841000000015
32.9024000000209
65.9135999996215
99.9809999996796
132.913900000043
165.920199999586
200.016599999741
232.899100000039
265.911299999803
299.98639999982
332.896800000221
34.0888000000268
67.0224000001326
99.9882999993861
134.076700000092
166.999300000258
199.987999999896
234.063899999484
266.99450000003
299.982599999756
334.074400000274
366.993999999948
399.983199999668
434.063399999402
466.98089999985
499.998999999836
534.074699999765
566.999300000258
599.986700000241
634.074699999765
666.983000000007
699.982900000177
734.064399999566
766.984199999832
799.998999999836
834.060800000094
866.983199999668
900.003599999473
934.064699999988
966.981399999931
999.982400000095
1034.06520000007
1066.99399999995
1099.99699999951
1134.07830000017
1166.99990000017
1199.99390000012
1234.07949999999
1299.98469999991
1334.08309999947
1366.98649999965
1399.99979999941
1434.06209999975
1466.99399999995
1499.98010000028
1534.09339999966
1566.99759999942
1599.99899999984
1634.06290000025
1666.98120000027
1734.08339999989
1766.98269999959
1799.99880000018
1834.06159999967
1866.99369999953
1899.98340000026
1934.06369999982
1966.99469999969
2000.00059999991
2034.06140000001
2066.9849999994
2099.98780000024
2134.08129999973
2166.98039999977
2199.99340000004
2234.08669999987
2266.99469999969
2299.9852
2334.06389999948
2366.99859999958
2399.99390000012
2434.06850000005
2466.99270000029
2499.99799999967
2534.06599999964
2566.98450000025
2599.99010000005
2634.06140000001
2666.99990000017
2700.00109999999
2734.06140000001
2766.98319999967
2799.99469999969
2834.08719999995
2866.9849999994
2900.02589999978
2934.06520000007
2966.98419999983
2999.98290000018
3034.07599999942
3066.9796000002
3099.98159999959
3134.08469999954
3166.99579999968
3199.99239999987
3234.09769999981
3267.00749999937
3299.99490000028
3334.10329999961
3366.99550000019
3399.99029999971
3434.07670000009
3466.99519999977
3500.00359999947
3534.05879999977
3567.00289999973
3600.00260000024
3634.0828999998
3667.00650000013
33.0993000008166
32.9194000000134
65.9325000001118
100.003400000744
33.0033999998122
33.9474999997765
33.0937000010163
32.9818000011146
32.937200000044
33.0129999998026
